R   5A1 5B1 6B1 5B2 6B2 5A2 6A2
1.97	107236.604	110071.9726	107344.9367	110071.9726	107344.9455	107236.0751	107781.7132
1.98	107164.4956	109870.6661	107270.8838	109870.6683	107270.8948	107164.0018	107717.3062
1.99	107095.3216	109677.2804	107199.5084	109677.2804	107199.5194	107094.8629	107653.2261
2	107028.9569	109491.5193	107130.6527	109491.5193	107130.6614	107028.5355	107589.1549
2.01	106965.2851	109313.1128	107064.1628	109313.115	107064.1738	106964.901	107524.7654
2.02	106904.2031	109141.7953	106999.905	109141.7953	106999.9138	106903.8564	107459.8383
2.03	106845.5968	108977.3012	106937.7367	108977.3034	106937.7476	106845.2874	107394.1956
2.04	106789.3718	108819.3848	106877.5479	108819.387	106877.5633	106789.104	107327.787
2.05	106735.4206	108667.8025	106819.2445	108667.8047	106819.2599	106735.1901	107260.6672
2.06	106683.6553	108522.3215	106762.7759	108522.3237	106762.789	106683.4665	107193.0295
2.07	106633.986	108382.7181	106708.1267	108382.7203	106708.1399	106633.8389	107125.1899
2.08	106586.327	108248.7727	106655.3255	108248.7727	106655.3299	106586.2217	107057.5588
2.09	106540.5951	108114.5289	106604.4161	108114.5179	106604.4249	106540.5315	106990.6498
2.11	106454.5962	107875.0996	106508.4618	107875.0887	106508.4662	106454.6159	106861.0215
2.13	106375.6204	107653.1515	106420.571	107653.1384	106420.582	106375.5107	106740.1393
2.15	106302.4827	107451.5048	106340.7371	107451.4916	106340.7393	106302.8909	106630.5314
2.18	106203.763	107174.2754	106233.8179	107174.2623	106233.8223	106204.1164	106489.1722
2.2	106144.4215	107009.7463	106170.4621	107009.7353	106170.4753	106144.8758	106409.3164
2.22	106089.7942	106858.9606	106112.5779	106858.9497	106112.5867	106090.3495	106339.5212
2.25	106015.9081	106656.278	106034.7851	106656.267	106034.7961	106016.6214	106250.6604
2.28	105950.7527	106478.9952	105966.5461	106478.9842	105966.5592	105951.6306	106177.2878
2.3	105911.6862	106373.4849	105925.7633	106373.474	105925.7743	105912.6716	106135.4164
2.33	105859.0013	106232.3101	105870.9363	106232.2991	105870.9495	105860.1535	106081.4169
2.36	105812.7141	106100.3795	105823.0162	106109.5886	105823.025	105814.0331	106036.3697
2.38	105785.0427	106030.4044	105794.557	106030.4154	105794.5679	105786.4759	106010.6012
2.41	105747.7979	105933.7148	105756.6712	105933.7236	105756.6844	105749.4088	105977.4956
2.44	105715.0259	105850.2684	105724.0507	105850.2772	105724.0639	105716.8322	105945.5379
2.47	105686.0114	105778.5002	105696.2038	105778.509	105696.217	105688.0481	105923.2393
2.49	105668.3898	105736.4532	105680.0614	105736.4642	105680.0746	105670.6152	105910.8214
2.52	105643.9974	105681.1917	105659.1257	105681.2005	105659.1367	105646.5762	105895.4385
2.55	105621.4683	105640.8611	105635.1876	105640.8742	105635.1964	105624.519	105883.4903
2.58	105600.3987	105601.619	105620.7001	105601.6322	105620.7067	105604.0223	105874.5335
2.61	105580.7382	105568.2259	105609.643	105568.2413	105609.6518	105584.9806	105868.1622
2.64	105562.7435	105540.3527	105601.2086	105540.368	105601.2174	105567.5741	105864.0273
2.67	105546.7591	105517.3034	105595.0238	105517.3166	105595.0282	105552.0924	105861.7689
2.71	105528.9334	105493.0142	105589.9144	105493.0273	105589.921	105534.7912	105861.3233
2.74	105518.2296	105478.9239	105588.0533	105478.9371	105588.0599	105524.3793	105862.5546
2.77	105509.6942	105467.8339	105587.6209	105467.8492	105587.6275	105516.0722	105864.8876
2.8	105503.1605	105459.3292	105588.4066	105459.3446	105588.411	105509.7118	105868.1314
2.84	105497.2039	105451.3886	105591.0184	105451.4018	105591.025	105503.9287	105873.5898
2.87	105494.5307	105447.5676	105593.9352	105447.5829	105593.944	105501.3498	105878.3414
2.91	105492.9681	105444.8088	105598.8207	105444.8219	105598.8295	105499.8837	105885.3141
2.94	105493.0581	105444.1855	105603.0675	105444.2008	105603.0741	105500.0264	105890.8844
2.98	105494.5395	105444.8988	105609.2896	105444.9141	105609.2962	105501.5539	105898.5835
3.01	105496.4797	105446.3736	105614.2498	105446.3868	105614.2585	105503.5182	105904.4501
3.05	105499.9342	105449.3212	105621.1084	105449.3365	105621.1149	105506.9925	105912.2875
3.09	105504.1393	105453.1203	105628.0942	105453.1356	105628.103	105511.2042	105920.0108
3.13	105508.8734	105457.5273	105635.0691	105457.5427	105635.0757	105515.9383	105927.5147
3.17	105513.9564	105462.3602	105641.9365	105462.3755	105641.9431	105521.0257	105934.7091
3.21	105519.2348	105467.4344	105648.5932	105467.4476	105648.5997	105526.2931	105941.5259
3.25	105524.59	105472.6228	105654.9755	105472.6382	105654.9843	105531.6329	105947.9149
3.29	105529.9188	105477.8243	105661.0374	105477.8397	105661.044	105536.9442	105953.8341
3.33	105535.1467	105482.9579	105666.7305	105482.9732	105666.7415	105542.1502	105959.2551
3.38	105541.4413	105489.1668	105673.295	105489.1822	105673.3038	105548.4162	105965.295
3.42	105546.228	105493.9118	105678.0796	105493.925	105678.0884	105553.1744	105969.5265
3.47	105551.8509	105499.5062	105683.4655	105499.5194	105683.4743	105558.7644	105974.0565
3.52	105557.0283	105504.6771	105688.182	105504.6924	105688.1908	105563.9023	105977.7327
3.56	105560.8055	105508.4915	105691.4785	105508.5047	105691.4873	105567.6707	105980.0613
3.61	105565.1204	105512.8393	105695.0098	105512.8525	105695.0186	105571.9438	105982.2165
3.66	105568.9568	105516.7218	105697.9091	105516.735	105697.9157	105575.7276	105983.5444
3.72	105572.9249	105520.7667	105700.5889	105520.7799	105700.5977	105579.6364	105984.0579
3.77	105575.721	105523.6441	105702.1867	105523.6594	105702.1954	105582.3842	105983.597
3.82	105578.076	105526.0912	105703.2423	105526.1066	105703.2489	105584.6821	105982.3416
3.88	105580.3453	105528.4923	105703.8349	105528.5076	105703.8415	105586.8857	105979.7957
3.94	105582.0506	105530.3446	105703.7405	105530.36	105703.7471	105588.5186	105976.1217
4	105583.238	105531.6988	105703.0163	105531.7141	105703.0229	105589.6335	105971.3218
4.06	105583.9469	105532.5986	105701.7126	105532.6118	105701.7192	105590.2678	105965.3938
4.12	105584.2234	105533.0837	105699.88	105533.0968	105699.8866	105590.4697	105958.3289
4.19	105584.061	105533.189	105697.1409	105533.2044	105697.1475	105590.2173	105948.6523
4.26	105583.4311	105532.8598	105693.8159	105532.8752	105693.8203	105589.4952	105937.413
4.33	105582.3952	105532.1575	105689.9663	105532.1728	105689.9751	105588.3649	105924.6396
4.4	105581.0038	105531.1369	105685.6558	105531.1501	105685.6646	105586.8769	105910.3957
4.48	105579.046	105529.6467	105680.237	105529.6621	105680.2458	105584.8029	105892.4624
4.55	105577.0598	105528.1126	105675.1123	105528.1257	105675.1211	105582.7091	105875.5146
4.64	105574.1869	105525.8893	105668.0649	105525.9025	105668.0715	105579.6935	105852.3732
4.72	105571.3908	105523.7318	105661.4961	105523.745	105661.5027	105576.7547	105830.9766
4.81	105568.0174	105521.164	105653.6981	105521.1794	105653.7069	105573.2146	105806.3998
4.9	105564.451	105518.4908	105645.5973	105518.5062	105645.6061	105569.4638	105781.8428
5	105560.3095	105515.462	105636.307	105515.4752	105636.3179	105565.1028	105755.1196
5.1	105556.0231	105512.4201	105626.7818	105512.4355	105626.7927	105560.5707	105729.3708
5.21	105551.1793	105509.1148	105616.1197	105509.128	105616.1307	105555.4372	105702.6695
5.33	105545.7803	105505.601	105604.3668	105505.6142	105604.38	105549.6957	105675.6697
5.45	105540.3132	105502.2255	105592.6052	105502.2387	105592.6205	105543.8577	105651.014
5.58	105534.3456	105498.7578	105580.0139	105498.771	105580.0315	105537.4819	105626.9573
5.75	105526.5718	105494.5549	105564.0757	105494.5659	105564.091	105529.1726	105600.9913
5.86	105521.6271	105492.0507	105554.2542	105492.0639	105554.2717	105523.9074	105585.2989
6.02	105514.6566	105488.7059	105540.875	105488.7191	105540.897	105516.555	105565.2499
6.2	105507.2625	105485.3655	105527.329	105485.3787	105527.351	105508.7878	105546.2697
6.39	105500.1252	105482.2928	105514.876	105482.306	105514.898	105501.3235	105529.7718
6.6	105493.1568	105479.4024	105503.29	105479.4155	105503.3119	105494.0677	105515.0714
6.83	105486.6779	105476.7752	105492.9944	105476.7862	105493.0164	105487.3517	105502.445
7.1	105480.5436	105474.3062	105483.6448	105474.3193	105483.6689	105481.0133	105491.2737
7.31	105476.7511	105472.7698	105478.0614	105472.7786	105478.0855	105477.1045	105484.7093
7.77	105470.8385	105470.2305	105469.7411	105470.2415	105469.7652	105471.0338	105474.969
8.22	105467.362	105468.1192	105465.5864	105468.1301	105465.6106	105467.4717	105469.5172
8.79	105464.9039	105465.525	105463.7911	105465.5381	105463.7999	105464.8709	105466.0056
9.6	105463.4444	105463.6419	105463.0954	105463.6529	105463.0998	105463.4356	105463.7736
11	105462.8167	105462.832	105462.7903	105462.8408	105462.7969	105462.8211	105462.8474
28	105462.7596	105462.7574	105462.7662	105462.764	105462.7728	105462.7662	105462.7596
100	105462.7596	105462.7596	105462.7596	105462.7596	105462.7596	105462.7596	105462.7596
